cnt [ 3 5 1 ]
fre [ [ 1 1 1 0 0 ] [ 4 0 0 1 0 ] [ 0 0 0 0 1 ] ]
res [ 3 -1 -1 ]
res [ -1 -1 -5 ]
res [ -1 -1 -5 ]
res [ -1 -3 -3 ]
res [ 1 -3 -5 ]
cnt [ 3 5 3 ]
fre [ [ 2 1 0 0 0 ] [ 1 1 1 1 1 ] [ 2 1 0 0 0 ] ]
res [ 1 1 -3 ]
res [ -1 -1 -3 ]
res [ -3 -3 -3 ]
res [ -3 -3 -3 ]
res [ -3 -3 -3 ]
cnt [ 4 4 ]
fre [ [ 2 2 0 0 0 ] [ 2 2 0 0 0 ] ]
res [ 0 0 ]
res [ 0 0 ]
res [ -4 -4 ]
res [ -4 -4 ]
res [ -4 -4 ]
cnt [ 2 2 1 2 ]
fre [ [ 1 1 0 0 0 ] [ 1 1 0 0 0 ] [ 0 0 1 0 0 ] [ 0 1 1 0 0 ] ]
res [ 0 0 -1 -2 ]
res [ 0 0 0 -1 ]
res [ 1 0 -2 -2 ]
res [ -1 -2 -2 -2 ]
res [ -1 -2 -2 -2 ]
cnt [ 5 1 1 1 1 ]
fre [ [ 1 1 2 1 0 ] [ 0 0 0 1 0 ] [ 1 0 0 0 0 ] [ 0 0 0 1 0 ] [ 0 0 0 0 1 ] ]
res [ 1 -1 -1 -1 -3 ]
res [ -1 -1 -1 -1 -3 ]
res [ -1 -1 -1 -1 -1 ]
res [ 1 1 -1 -1 -3 ]
res [ 1 -1 -1 -1 -5 ]
cnt [ 1 1 2 ]
fre [ [ 0 1 0 0 0 ] [ 0 0 1 0 0 ] [ 1 0 1 0 0 ] ]
res [ 0 -1 -1 ]
res [ 1 -1 -2 ]
res [ 1 0 -1 ]
res [ -1 -1 -2 ]
res [ -1 -1 -2 ]
