compd [ 0 1 0 0 1 0 1 0 1 1 1 0 1 0 1 1 1 0 1 0 1 1 1 0 1 1 1 1 1 0 1 0 1 1 1 1 1 0 1 1 1 0 1 0 1 1 1 0 1 1 1 1 1 0 1 1 1 1 1 0 1 0 1 1 1 1 1 0 1 1 1 0 1 0 1 1 1 1 1 0 1 1 1 0 1 1 1 1 1 0 1 1 1 1 1 1 1 0 1 1 0 ]
com [ ]
cnt [ {2,1} {3,1} {7,1} ]
ncom [ {2,1} {3,1} {7,1} ]
compd [ 0 1 0 0 1 0 1 0 1 1 1 0 1 0 1 1 1 0 1 0 1 1 1 0 1 1 1 1 1 0 1 0 1 1 1 1 1 0 1 1 1 0 1 0 1 1 1 0 1 1 1 1 1 0 1 1 1 1 1 0 1 0 1 1 1 1 1 0 1 1 1 0 1 0 1 1 1 1 1 0 1 1 1 0 1 1 1 1 1 0 1 1 1 1 1 1 1 0 1 1 0 ]
com [ 4 ]
cnt [ {4,5} ]
ncom [ ]
compd [ 0 1 0 0 1 0 1 0 1 1 1 0 1 0 1 1 1 0 1 0 1 1 1 0 1 1 1 1 1 0 1 0 1 1 1 1 1 0 1 1 1 0 1 0 1 1 1 0 1 1 1 1 1 0 1 1 1 1 1 0 1 0 1 1 1 1 1 0 1 1 1 0 1 0 1 1 1 1 1 0 1 1 1 0 1 1 1 1 1 0 1 1 1 1 1 1 1 0 1 1 0 ]
com [ 1 ]
cnt [ {1,1} {2,2} ]
ncom [ ]
compd [ 0 1 0 0 1 0 1 0 1 1 1 0 1 0 1 1 1 0 1 0 1 1 1 0 1 1 1 1 1 0 1 0 1 1 1 1 1 0 1 1 1 0 1 0 1 1 1 0 1 1 1 1 1 0 1 1 1 1 1 0 1 0 1 1 1 1 1 0 1 1 1 0 1 0 1 1 1 1 1 0 1 1 1 0 1 1 1 1 1 0 1 1 1 1 1 1 1 0 1 1 0 ]
com [ ]
cnt [ {3,1} {5,1} ]
ncom [ {3,1} {5,1} ]
compd [ 0 1 0 0 1 0 1 0 1 1 1 0 1 0 1 1 1 0 1 0 1 1 1 0 1 1 1 1 1 0 1 0 1 1 1 1 1 0 1 1 1 0 1 0 1 1 1 0 1 1 1 1 1 0 1 1 1 1 1 0 1 0 1 1 1 1 1 0 1 1 1 0 1 0 1 1 1 1 1 0 1 1 1 0 1 1 1 1 1 0 1 1 1 1 1 1 1 0 1 1 0 ]
com [ ]
cnt [ {3,1} {7,2} ]
ncom [ {3,1} {7,2} ]
compd [ 0 1 0 0 1 0 1 0 1 1 1 0 1 0 1 1 1 0 1 0 1 1 1 0 1 1 1 1 1 0 1 0 1 1 1 1 1 0 1 1 1 0 1 0 1 1 1 0 1 1 1 1 1 0 1 1 1 1 1 0 1 0 1 1 1 1 1 0 1 1 1 0 1 0 1 1 1 1 1 0 1 1 1 0 1 1 1 1 1 0 1 1 1 1 1 1 1 0 1 1 0 ]
com [ 4 ]
cnt [ {4,1} ]
ncom [ ]
compd [ 0 1 0 0 1 0 1 0 1 1 1 0 1 0 1 1 1 0 1 0 1 1 1 0 1 1 1 1 1 0 1 0 1 1 1 1 1 0 1 1 1 0 1 0 1 1 1 0 1 1 1 1 1 0 1 1 1 1 1 0 1 0 1 1 1 1 1 0 1 1 1 0 1 0 1 1 1 1 1 0 1 1 1 0 1 1 1 1 1 0 1 1 1 1 1 1 1 0 1 1 0 ]
com [ 1 ]
cnt [ {1,5} {2,15} {6,10} ]
ncom [ ]
